680870879
1949418040
659128673
804644935
1628735301
1887046749
48502696
1021427000
66717462
226983266
274008246
1290557923
1106553353
321994718
2140052265
1192847408
204460187
881886298
1946193129
2009080486
806231867
1612017863
1023258161
273188057
687948726
7626498
1020012050
131629508
400947585
2133079167
1848022864
1950949787
18946239
780153552
1116752631
1654810922
1431583066
1569536426
1086101237
574778060
1947251708
1726768480
617878230
1693820478
746980759
1566068608
739635038
75289780
1566097374
1637610293
492772817
355248210
152200218
1224186337
1264564052
256593157
247172359
1405001852
1190138969
335041368
1209700842
2133031942
1116983806
398044237
