813112671
1883524514
694257224
1280117951
1610094302
770385160
421501030
2095834128
1289557814
318057935
1953782206
444408167
750249778
230850776
1165068004
1483214611
2029123854
927109088
597146711
367170135
1250454830
668461008
823920420
2003608135
285023875
32591367
118159258
1522601046
1988386656
1649608491
1293228984
97726923
760946384
193038754
1228295524
2869189
1365670316
40939251
1135817258
602951234
1593504794
131948983
1402759508
734660184
263420357
975427435
567803220
2022244682
1567993272
1277667709
1582177999
1224078323
1400022421
1275282537
942330488
6196806
1154599941
865882220
432913764
1988627999
1807574178
1377586192
2007807467
1817990012