1259937896
1065998185
736210402
790941916
1002167049
529360775
1641274727
1606119177
1431220983
304225511
944422759
1059849021
2120658751
124293140
1599788615
1721261291
114278086
1381864402
924431777
1419015119
2012490851
1248951407
1421866064
463782962
19370195
2112471485
1996384794
1618066643
465035683
728361576
405419712
1427208962
1321744260
99449430
1066730590
358058903
1445969207
1160835329
508605131
1084737033
1272167811
1063035802
1765606421
2097154369
2050324672
1238076080
453783806
690073863
1582605696
1175214106
638269731
285667521
442392120
923059363
1356165591
1673026099
696808502
1305385526
890062274
1052407460
1033616970
335952361
1488883453
1262959968