922382856
38489343
495722429
446973736
244161361
1159049220
806466900
1607589334
1742627586
423079096
1215251532
1238533909
1896114477
869478465
918658266
1522517298
1393417026
1632794218
89788771
329736960
678904445
1172599155
575285451
1996980024
365844601
984671920
1465981678
1284228559
1659409551
993429976
278259903
750126780
607450463
1976982879
1373067555
1258071601
468022779
2042320011
66349091
1669024814
683875742
101686246
1377374241
1963524129
1869903615
471636841
536704152
325973376
1491409034
565938618
246523098
1844559119
1037357760
501051505
691927227
1894691645
145728359
177997881
1284555924
976073106
1395419312
169327264
1418767404
2125063435
